function Tx= Tx(di)
Tx = [1 0 0 di;
    0 1 0 0;
    0 0 1 0;
    0 0 0 1];
end