function Tz = Tz(di)
Tz = [1 0 0 0;
    0 1 0 0;
    0 0 1 di;
    0 0 0 1];
end